871591037758472192
871591037758472192
444852727516758036
361912266003709952
861604667901739068
244348841959227392
361116170591666176
467243523297509376
871591037758472192
361116170591666176
871591037758472192
285132316509208577
409010127312781312
871591037758472192
861604667901739068
383912687551119362
383912687551119362
361116170591666176
361912266003709952
861604667901739068
861604667901739068
383912687551119362
861604667901739068
244348841959227392
361116170591666176
319005364597293066
467243523297509376
467243523297509376
319005364597293066
467243523297509376
319005364597293066
467243523297509376
361116170591666176
319005364597293066
361116170591666176
467243523297509376
319005364597293066
467243523297509376
467243523297509376
361116170591666176
361116170591666176
361116170591666176
467243523297509376
467243523297509376
361116170591666176
361116170591666176
467243523297509376
871591037758472192
467243523297509376
361116170591666176
467243523297509376
467243523297509376
361116170591666176
361116170591666176
844368126635278386
777796292495409232
444852727516758036
361912266003709952
777796292495409232
244348841959227392
469603495633354762
467243523297509376
283263238425149462
469603495633354762
467243523297509376
467243523297509376
469603495633354762
383912687551119362
469603495633354762
469603495633354762
469603495633354762
467243523297509376
467243523297509376
318440831117819904
467243523297509376
318440831117819904
467243523297509376
318440831117819904
467243523297509376
318440831117819904
467243523297509376
318440831117819904
318440831117819904
890300041644867584
467243523297509376
318440831117819904
318440831117819904
283263238425149462
283263238425149462
383912687551119362
283263238425149462
383912687551119362
283263238425149462
383912687551119362
283263238425149462
283263238425149462
283263238425149462
469603495633354762
383912687551119362
283263238425149462
